X=

    0.3796    0.8976    0.5480    0.5970    0.3747
    0.3191    0.2886    0.5669    0.4306    0.4369
    0.9861    0.2690    0.6804    0.7307    0.3043
    0.7182    0.5942    0.3714    0.2612    0.2909
    0.4132    0.4759    0.0782    0.0948    0.2425
    0.0986    0.3683    0.4564    0.4510    0.9367
    0.7346    0.6556    0.0478    0.6401    0.8602
    0.6373    0.9382    0.7383    0.1320    0.3972
    0.0738    0.6204    0.0380    0.4528    0.4794
    0.1205    0.2828    0.9542    0.6522    0.5650
    0.9816    0.2052    0.7424    0.8270    0.4896
    0.4968    0.4391    0.9374    0.3081    0.2698
    0.0224    0.0273    0.5134    0.4024    0.9897
    0.0538    0.8762    0.2409    0.8842    0.1837
    0.1409    0.6101    0.2600    0.7006    0.8617
    0.8935    0.2036    0.7590    0.2419    0.0326
    0.4658    0.5199    0.9933    0.7598    0.3320
    0.5609    0.0538    0.3567    0.2909    0.7487
    0.4945    0.8622    0.7529    0.2774    0.6444
    0.0678    0.4429    0.1100    0.0061    0.1692


b =

    0.9522
    0.5433
    0.2514
    0.5786
    0.9155
    0.8956
    0.4825
    0.4427
    0.3118
    0.0553
    0.7538
    0.1319
    0.3559
    0.3959
    0.8855
    0.0212
    0.8441
    0.2881
    0.2503
    0.4884
